1.3 -741.513  3.994 -1157.090 -14.306 -89.991 65.540 118799.156 67.004 118826.480 
1.5 -578.233 -1.276 -979.118   -6.639 -41.466 53.786  62556.780 37.509  62553.026 
1.7 -385.786 -2.328 -630.953   -2.972 -15.616 36.857  31909.752 23.180  31902.412 
1.9 -234.874 -1.989 -357.420   -1.330  -4.104 22.785  15819.640 14.299  15819.640 
2.1 -135.199 -1.388 -187.621   -0.598   0.257 13.209   7627.085  8.534   7628.000 
2.3  -74.886 -0.873  -93.328   -0.267   1.459  7.305   3562.860  5.039   3563.145 
2.5  -40.297 -0.511  -44.424   -0.119   1.450  3.882   1596.813  2.947   1596.797 
2.7  -21.183 -0.282  -20.291   -0.055   1.095  1.985    671.805  1.682    671.771 
2.9  -10.916 -0.146   -8.860   -0.026   0.725  0.970    251.442  0.927    251.432 
3.0   -7.784 -0.102   -5.735   -0.018   0.570  0.664    140.964  0.680    140.961 
3.1   -5.528 -0.070   -3.646   -0.012   0.440  0.446     69.619  0.496     69.619 
3.2   -3.911 -0.046   -2.266   -0.009   0.333  0.293     24.627  0.360     24.627 
3.3   -2.757 -0.029   -1.364   -0.007   0.248  0.186     -2.802  0.261     -2.802 
3.4   -1.938 -0.017   -0.783   -0.005   0.181  0.112    -18.671  0.189    -18.671 
3.5   -1.358 -0.009   -0.416   -0.003   0.130  0.062    -27.051  0.137    -27.052 
3.6   -0.949 -0.004   -0.189   -0.002   0.090  0.029    -30.682  0.100    -30.682 
3.7   -0.662  0.000   -0.052   -0.002   0.061  0.007    -31.387  0.075    -31.388 
3.8   -0.461  0.002    0.026   -0.001   0.040 -0.006    -30.369  0.057    -30.369 
3.9   -0.321  0.004    0.067   -0.001   0.024 -0.014    -28.406  0.044    -28.406 
4.0   -0.224  0.004    0.087    0.000   0.013 -0.018    -25.995  0.036    -25.995 
4.1   -0.157  0.005    0.093    0.000   0.005 -0.020    -23.443  0.030    -23.443 
4.2   -0.110  0.005    0.091    0.000   0.000 -0.020    -20.934  0.026    -20.934 
4.3   -0.078  0.004    0.085    0.000  -0.004 -0.020    -18.569  0.022    -18.569 
4.4   -0.056  0.004    0.077    0.000  -0.006 -0.019    -16.400  0.020    -16.399 
4.5   -0.041  0.004    0.069    0.000  -0.007 -0.017    -14.446  0.017    -14.446 
4.7   -0.023  0.003    0.053    0.000  -0.008 -0.014    -11.172  0.014    -11.172 
4.9   -0.015  0.003    0.040    0.000  -0.007 -0.011     -8.648  0.011     -8.648 
5.2   -0.009  0.002    0.026    0.000  -0.006 -0.008     -5.946  0.008     -5.946 
5.5   -0.007  0.001    0.017    0.000  -0.004 -0.006     -4.156  0.006     -4.156 
6.0   -0.005  0.001    0.009    0.000  -0.002 -0.003     -2.382  0.003     -2.382 
6.5   -0.003  0.000    0.005    0.000  -0.001 -0.002     -1.432  0.002     -1.432 
7.0   -0.002  0.000    0.003    0.000  -0.001 -0.001     -0.898  0.001     -0.898 
8.0   -0.001  0.000    0.001    0.000   0.000 -0.001     -0.390  0.001     -0.390 
9.0   -0.001  0.000    0.000    0.000   0.000  0.000     -0.189  0.000     -0.189

